# transform file /out/freesurfer/sub-36/mri/transforms/cc_up.lta
# created by root on Wed Jan 15 22:17:47 2020

type      = 0 # LINEAR_VOX_TO_VOX
nxforms   = 1
mean      = 161.0000 119.0000 134.0000
sigma     = 10000.0000
1 4 4
9.977420568466187e-01 6.147256493568420e-02 -2.705376036465168e-02 -3.784626770019531e+01 
-6.144997850060463e-02 9.981088042259216e-01 1.666215248405933e-03 4.103050994873047e+01 
2.710502222180367e-02 -1.164153218269348e-10 9.996325969696045e-01 9.614652633666992e+00 
0.000000000000000e+00 0.000000000000000e+00 0.000000000000000e+00 1.000000000000000e+00 
src volume info
valid = 1  # volume info valid
filename = /out/freesurfer/sub-36/mri/norm.mgz
volume = 320 320 320
voxelsize = 8.000000119209290e-01 8.000000119209290e-01 8.000000119209290e-01
xras   = -1.000000000000000e+00 -5.820766091346741e-10 -4.656612873077393e-09
yras   = 4.656612873077393e-09 0.000000000000000e+00 -1.000000119209290e+00
zras   = 0.000000000000000e+00 9.999999403953552e-01 9.313225746154785e-09
cras   = -4.593765258789062e+00 3.819946289062500e+01 -4.267385864257812e+01
dst volume info
valid = 1  # volume info valid
filename = /out/freesurfer/sub-36/mri/norm.mgz
volume = 320 320 320
voxelsize = 8.000000119209290e-01 8.000000119209290e-01 8.000000119209290e-01
xras   = -1.000000000000000e+00 -5.820766091346741e-10 -4.656612873077393e-09
yras   = 4.656612873077393e-09 0.000000000000000e+00 -1.000000119209290e+00
zras   = 0.000000000000000e+00 9.999999403953552e-01 9.313225746154785e-09
cras   = -4.593765258789062e+00 3.819946289062500e+01 -4.267385864257812e+01
