# transform file transforms/talairach.lta
# created by root on Wed Jan 15 18:55:25 2020

type      = 0 # LINEAR_VOX_TO_VOX
nxforms   = 1
mean      = 162.0000 120.0000 135.0000
sigma     = 10000.0000
1 4 4
8.433098793029785e-01 3.242195770144463e-02 -4.367392510175705e-03 -1.482584381103516e+01 
-2.782844193279743e-02 8.645116090774536e-01 2.505688369274139e-01 -8.250613212585449e+00 
1.751334220170975e-02 -2.381768375635147e-01 8.034673333168030e-01 2.687465476989746e+01 
0.000000000000000e+00 0.000000000000000e+00 0.000000000000000e+00 1.000000000000000e+00 
src volume info
valid = 1  # volume info valid
filename = nu.mgz
volume = 320 320 320
voxelsize = 8.000000119209290e-01 8.000000119209290e-01 8.000000119209290e-01
xras   = -1.000000000000000e+00 -5.820766091346741e-10 -4.656612873077393e-09
yras   = 4.656612873077393e-09 0.000000000000000e+00 -1.000000119209290e+00
zras   = 0.000000000000000e+00 9.999999403953552e-01 9.313225746154785e-09
cras   = -4.593765258789062e+00 3.819946289062500e+01 -4.267385864257812e+01
dst volume info
valid = 1  # volume info valid
filename = /opt/freesurfer/average/RB_all_2016-05-10.vc700.gca
volume = 256 256 256
voxelsize = 1.000000000000000e+00 1.000000000000000e+00 1.000000000000000e+00
xras   = -1.000000000000000e+00 0.000000000000000e+00 0.000000000000000e+00
yras   = 0.000000000000000e+00 0.000000000000000e+00 -1.000000000000000e+00
zras   = 0.000000000000000e+00 1.000000000000000e+00 0.000000000000000e+00
cras   = 0.000000000000000e+00 0.000000000000000e+00 0.000000000000000e+00
