type      = 1 # LINEAR_RAS_TO_RAS
nxforms   = 1
mean      = 0.0000 0.0000 0.0000
sigma     = 1.0000
1 4 4
1.077901959419250e+00 2.465000003576279e-02 5.375400185585022e-02 7.847808837890625e+00 
-5.149500072002411e-02 9.730870127677917e-01 3.394129872322083e-01 -3.279049682617188e+01 
-6.333199888467789e-02 -3.324080109596252e-01 1.060516953468323e+00 1.770242309570312e+01 
0.000000000000000e+00 0.000000000000000e+00 0.000000000000000e+00 1.000000000000000e+00 
src volume info
valid = 1  # volume info valid
filename = /out/freesurfer/sub-36/mri/orig_nu.mgz
volume = 320 320 320
voxelsize = 8.000000119209290e-01 8.000000119209290e-01 8.000000119209290e-01
xras   = -1.000000000000000e+00 -5.820766091346741e-10 -4.656612873077393e-09
yras   = 4.656612873077393e-09 0.000000000000000e+00 -1.000000119209290e+00
zras   = 0.000000000000000e+00 9.999999403953552e-01 9.313225746154785e-09
cras   = -4.593765258789062e+00 3.819946289062500e+01 -4.267385864257812e+01
dst volume info
valid = 1  # volume info valid
filename = /opt/freesurfer/average/mni305.cor.mgz
volume = 256 256 256
voxelsize = 1.000000000000000e+00 1.000000000000000e+00 1.000000000000000e+00
xras   = -1.000000000000000e+00 0.000000000000000e+00 0.000000000000000e+00
yras   = 0.000000000000000e+00 0.000000000000000e+00 -1.000000000000000e+00
zras   = 0.000000000000000e+00 1.000000000000000e+00 0.000000000000000e+00
cras   = 0.000000000000000e+00 0.000000000000000e+00 0.000000000000000e+00
subject fsaverage
fscale 0.100000
